                                                              0     1
214                                                       0.621 0.379
215                                                       0.641 0.359
216                                                       0.676 0.324
217                                                       0.640 0.360
218                                                       0.876 0.124
219                                                       0.877 0.123
220                                                       0.726 0.274
221                                                       0.621 0.379
222                                                       0.680 0.320
223                                                       0.860 0.140
224                                                       0.534 0.466
225                                                       0.530 0.470
226                                                       0.991 0.009
227                                                       0.579 0.421
228                                                       0.562 0.438
229                                                       0.478 0.522
230                                                       0.403 0.597
231                                                       0.430 0.570
232                                                       0.418 0.582
233                                                       0.622 0.378
234                                                       0.605 0.395
235                                                       0.052 0.948
236                                                       0.004 0.996
237                                                       0.004 0.996
238                                                       0.000 1.000
239                                                       0.004 0.996
240                                                       0.005 0.995
241                                                       0.341 0.659
242                                                       0.222 0.778
243                                                       0.221 0.779
244                                                       0.225 0.775
245                                                       0.004 0.996
246                                                       0.267 0.733
247                                                       0.062 0.938
248                                                       0.991 0.009
249                                                       0.176 0.824
250                                                       0.285 0.715
251                                                       0.035 0.965
252                                                       0.002 0.998
253                                                       0.000 1.000
254                                                       0.000 1.000
255                                                       0.000 1.000
256                                                       0.000 1.000
257                                                       0.000 1.000
258                                                       0.000 1.000
259                                                       0.000 1.000
260                                                       0.000 1.000
261                                                       0.000 1.000
262                                                       0.000 1.000
263                                                       0.000 1.000
264                                                       0.000 1.000
265                                                       0.000 1.000
266                                                       0.000 1.000
267                                                       0.000 1.000
268                                                       0.627 0.373
269                                                       0.790 0.210
270                                                       0.908 0.092
271                                                       0.877 0.123
272                                                       0.000 1.000
273                                                       0.000 1.000
274                                                       0.000 1.000
275                                                       0.622 0.378
276                                                       0.259 0.741
277                                                       0.000 1.000
278                                                       0.000 1.000
279                                                       0.200 0.800
280                                                       0.243 0.757
281                                                       0.851 0.149
282                                                       0.903 0.097
283                                                       0.994 0.006
284                                                       0.990 0.010
285                                                       0.997 0.003
286                                                       0.998 0.002
287                                                       0.999 0.001
288                                                       0.999 0.001
289                                                       1.000 0.000
290                                                       1.000 0.000
291                                                       0.994 0.006
292                                                       1.000 0.000
293                                                       1.000 0.000
294                                                       1.000 0.000
295                                                       1.000 0.000
296                                                       1.000 0.000
297                                                       1.000 0.000
298                                                       1.000 0.000
299                                                       1.000 0.000
300                                                       0.999 0.001
301                                                       1.000 0.000
302                                                       1.000 0.000
303                                                       0.999 0.001
304                                                       0.995 0.005
305                                                       0.894 0.106
306                                                       1.000 0.000
307                                                       0.997 0.003
308                                                       0.996 0.004
309                                                       0.997 0.003
310                                                       1.000 0.000
311                                                       1.000 0.000
312                                                       1.000 0.000
313                                                       1.000 0.000
314                                                       0.998 0.002
315                                                       1.000 0.000
316                                                       1.000 0.000
317                                                       0.999 0.001
318                                                       1.000 0.000
319                                                       0.999 0.001
320                                                       0.999 0.001
321                                                       1.000 0.000
322                                                       1.000 0.000
323                                                       1.000 0.000
324                                                       0.998 0.002
325                                                       0.997 0.003
326                                                       1.000 0.000
327                                                       0.999 0.001
328                                                       0.997 0.003
329                                                       0.999 0.001
330                                                       1.000 0.000
331                                                       1.000 0.000
332                                                       0.998 0.002
333                                                       0.998 0.002
334                                                       0.970 0.030
335                                                       0.000 1.000
336                                                       0.000 1.000
337                                                       0.000 1.000
338                                                       0.000 1.000
339                                                       0.000 1.000
340                                                       0.000 1.000
341                                                       0.000 1.000
342                                                       0.000 1.000
343                                                       0.000 1.000
344                                                       0.000 1.000
345                                                       0.000 1.000
346                                                       0.000 1.000
347                                                       0.000 1.000
348                                                       0.000 1.000
349                                                       1.000 0.000
350                                                       0.999 0.001
351                                                       1.000 0.000
352                                                       1.000 0.000
353                                                       1.000 0.000
354                                                       1.000 0.000
355                                                       1.000 0.000
356                                                       1.000 0.000
357                                                       1.000 0.000
358                                                       1.000 0.000
359                                                       1.000 0.000
360                                                       1.000 0.000
361                                                       1.000 0.000
362                                                       1.000 0.000
363                                                       1.000 0.000
364                                                       1.000 0.000
365                                                       1.000 0.000
366                                                       1.000 0.000
367                                                       1.000 0.000
368                                                       1.000 0.000
369                                                       1.000 0.000
370                                                       0.998 0.002
371                                                       0.979 0.021
372                                                       1.000 0.000
373                                                       1.000 0.000
374                                                       1.000 0.000
375                                                       1.000 0.000
376                                                       1.000 0.000
377                                                       1.000 0.000
378                                                       0.476 0.524
379                                                       0.249 0.751
380                                                       0.000 1.000
381                                                       0.186 0.814
382                                                       0.192 0.808
383                                                       0.064 0.936
384                                                       0.000 1.000
385                                                       0.042 0.958
386                                                       0.054 0.946
387                                                       0.027 0.973
388                                                       0.143 0.857
389                                                       0.816 0.184
390                                                       1.000 0.000
391                                                       0.733 0.267
392                                                       0.925 0.075
393                                                       0.998 0.002
394                                                       0.999 0.001
395                                                       0.999 0.001
396                                                       1.000 0.000
397                                                       0.820 0.180
398                                                       0.994 0.006
399                                                       1.000 0.000
400                                                       1.000 0.000
401                                                       1.000 0.000
402                                                       0.781 0.219
403                                                       0.994 0.006
404                                                       0.722 0.278
405                                                       0.960 0.040
406                                                       0.346 0.654
407                                                       0.283 0.717
408                                                       0.361 0.639
409                                                       0.000 1.000
410                                                       0.000 1.000
411                                                       0.000 1.000
412                                                       0.000 1.000
413                                                       0.002 0.998
414                                                       0.017 0.983
415                                                       0.001 0.999
416                                                       0.007 0.993
417                                                       0.005 0.995
418                                                       0.032 0.968
419                                                       0.000 1.000
420                                                       0.000 1.000
421                                                       0.000 1.000
422                                                       0.000 1.000
423                                                       0.000 1.000
424                                                       0.000 1.000
425                                                       0.000 1.000
GCA_014377495_ASM1437749v1                                1.000 0.000
GCA_014377055_ASM1437705v1                                0.000 1.000
GCA_002482705_ASM248270v1                                 1.000 0.000
GCA_913773825_maxbin_SP350_1_003_cleaned                  1.000 0.000
GCA_002783405_ASM278340v1                                 0.000 1.000
GCA_018780035_ASM1878003v1                                1.000 0.000
GCA_003503675_ASM350367v1                                 0.000 1.000
GCA_017744355_ASM1774435v1                                1.000 0.000
GCA_002083825_ASM208382v1                                 1.000 0.000
GCA_016867265_JGI_2017_08_21                              0.000 1.000
GCA_016867235_JGI_2017_08_21                              0.000 1.000
GCA_021790035_ASM2179003v1                                1.000 0.000
GCA_021781555_ASM2178155v1                                1.000 0.000
GCA_001899385_ASM189938v1                                 1.000 0.000
GCA_005110395_ASM511039v1                                 0.000 1.000
GCA_018695135_ASM1869513v1                                1.000 0.000
GCA_005110385_ASM511038v1                                 0.000 1.000
GCA_013216135_ASM1321613v1                                1.000 0.000
GCA_016178265_ASM1617826v1                                0.000 1.000
GCA_016193285_ASM1619328v1                                0.000 1.000
GCA_001786505_ASM178650v1                                 0.000 1.000
GCA_001784585_ASM178458v1                                 0.000 1.000
GCA_001784555_ASM178455v1                                 0.000 1.000
GCA_004769085_ASM476908v1                                 0.000 1.000
GCA_016201905_ASM1620190v1                                0.000 1.000
GCA_013288645_ASM1328864v1                                1.000 0.000
GCA_014380105_ASM1438010v1                                1.000 0.000
GCA_012965515_ASM1296551v1                                0.000 1.000
GCA_003242885_ASM324288v1                                 0.000 1.000
GCA_016191155_ASM1619115v1                                0.000 1.000
GCA_003963305_ASM396330v1                                 0.000 1.000
GCA_003151275_20120700_P3D                                1.000 0.000
GCA_003153555_20120700_P3D                                1.000 0.000
GCA_016699165_ASM1669916v1                                0.000 1.000
GCA_016716405_ASM1671640v1                                1.000 0.000
GCA_017307165_ASM1730716v1                                0.000 1.000
GCA_016212515_ASM1621251v1                                0.000 1.000
GCA_016712465_ASM1671246v1                                0.000 1.000
GCA_016719695_ASM1671969v1                                0.000 1.000
GCA_016788365_ASM1678836v1                                0.000 1.000
GCA_017303615_ASM1730361v1                                0.000 1.000
GCA_001899315_ASM189931v1                                 0.000 1.000
GCA_004769095_ASM476909v1                                 0.000 1.000
GCA_004769115_ASM476911v1                                 0.000 1.000
GCA_017998685_ASM1799868v1                                0.000 1.000
GCA_017989675_ASM1798967v1                                0.000 1.000
GCA_017987375_ASM1798737v1                                0.000 1.000
GCA_016720765_ASM1672076v1                                0.000 1.000
GCA_016706695_ASM1670669v1                                0.000 1.000
GCA_016721225_ASM1672122v1                                0.000 1.000
GCA_016714375_ASM1671437v1                                0.000 1.000
GCA_016718315_ASM1671831v1                                0.000 1.000
GCA_016716945_ASM1671694v1                                0.000 1.000
GCA_016712355_ASM1671235v1                                1.000 0.000
GCA_003149375_ASM314937v1                                 1.000 0.000
GCA_902168245_MAG_Melainabacteria_sp_nbed3b74             1.000 0.000
GCA_903835245_freshwater_MAG_Umea_bin_03849               0.000 1.000
GCA_903839075_freshwater_MAG_Umea1p3_bin_338              0.000 1.000
GCA_903826385_freshwater_MAG_Umea1p2_bin_0125             0.000 1.000
GCA_903866275_freshwater_MAG_Umea1_bin_2013               0.000 1.000
GCA_001786525_ASM178652v1                                 0.000 1.000
GCA_001784615_ASM178461v1                                 0.000 1.000
GCA_001786555_ASM178655v1                                 0.000 1.000
GCA_001784535_ASM178453v1                                 0.000 1.000
GCA_001784565_ASM178456v1                                 0.000 1.000
GCA_012515355_ASM1251535v1                                1.000 0.000
GCA_017888365_ASM1788836v1                                1.000 0.000
GCA_016288515_ASM1628851v1                                1.000 0.000
GCA_017475485_ASM1747548v1                                1.000 0.000
GCA_910577635_MGBC104987                                  1.000 0.000
GCA_017402995_ASM1740299v1                                1.000 0.000
GCA_017520125_ASM1752012v1                                1.000 0.000
GCA_017560095_ASM1756009v1                                1.000 0.000
GCA_017452865_ASM1745286v1                                1.000 0.000
GCA_017415185_ASM1741518v1                                1.000 0.000
GCA_905234865_RUG30176                                    1.000 0.000
GCA_910583725_MGBC122484                                  1.000 0.000
GCA_910577395_MGBC104891                                  1.000 0.000
GCA_910587815_MGBC162268                                  1.000 0.000
GCA_910587175_MGBC161128                                  1.000 0.000
GCA_910578465_MGBC110388                                  1.000 0.000
GCA_910587375_MGBC159243                                  1.000 0.000
GCA_910587245_MGBC159851                                  1.000 0.000
GCA_910587055_MGBC157385                                  1.000 0.000
GCA_910577515_MGBC104636                                  1.000 0.000
GCA_910586855_MGBC142924                                  1.000 0.000
GCA_900761525_SRS077392_71                                1.000 0.000
GCA_900753705_ERS396380_6                                 1.000 0.000
GCA_002103135_ASM210313v1                                 0.000 1.000
GCA_900755835_ERS473266_20                                1.000 0.000
GCA_900755955_ERS473294_87                                1.000 0.000
GCA_900753735_ERS396384_76                                1.000 0.000
GCA_900772035_SRS820614_61                                1.000 0.000
GCA_905236155_RUG30322                                    1.000 0.000
GCA_905235825_RUG30286                                    1.000 0.000
GCA_905234915_RUG30175                                    1.000 0.000
GCA_016282705_ASM1628270v1                                1.000 0.000
GCA_910583875_MGBC124931                                  1.000 0.000
GCA_017467305_ASM1746730v1                                1.000 0.000
GCA_003258795_ASM325879v1                                 1.000 0.000
GCA_900768495_SRS476144_104                               1.000 0.000
GCA_905235155_RUG30213                                    1.000 0.000
GCA_905236205_RUG30328                                    1.000 0.000
GCA_900772105_SRS820617_72                                1.000 0.000
GCA_900767725_SRS476014_35                                1.000 0.000
GCA_003258725_ASM325872v1                                 1.000 0.000
GCA_003258785_ASM325878v1                                 1.000 0.000
GCA_900769015_SRS476188_88                                1.000 0.000
GCA_900766355_SRS475537_58                                1.000 0.000
GCA_900766705_SRS475613_36                                1.000 0.000
GCA_002103075_ASM210307v1                                 1.000 0.000
GCA_900768915_SRS476173_30                                1.000 0.000
GCA_016287985_ASM1628798v1                                1.000 0.000
GCA_905236055_RUG30317                                    1.000 0.000
GCA_016283185_ASM1628318v1                                1.000 0.000
GCA_905236505_RUG30356                                    1.000 0.000
GCA_016280955_ASM1628095v1                                1.000 0.000
GCA_905236775_RUG30312                                    1.000 0.000
GCA_910579975_MGBC118087                                  1.000 0.000
GCA_002102715_ASM210271v1                                 0.000 1.000
GCA_002102975_ASM210297v1                                 0.000 1.000
GCA_002102745_ASM210274v1                                 0.000 1.000
GCA_002102875_ASM210287v1                                 0.000 1.000
GCA_002102885_ASM210288v1                                 0.000 1.000
GCA_002102905_ASM210290v1                                 0.000 1.000
GCA_002102895_ASM210289v1                                 0.000 1.000
GCA_002102955_ASM210295v1                                 0.000 1.000
GCA_002102725_ASM210272v1                                 0.000 1.000
GCA_002102995_ASM210299v1                                 0.000 1.000
GCA_900552525_UMGS1517                                    0.000 1.000
GCA_002103085_ASM210308v1                                 0.000 1.000
GCA_002102985_ASM210298v1                                 0.000 1.000
GCA_002103035_ASM210303v1                                 0.000 1.000
GCA_002102815_ASM210281v1                                 0.000 1.000
GCA_001899335_ASM189933v1                                 1.000 0.000
GCA_003258735_ASM325873v1                                 1.000 0.000
GCA_910584405_MGBC124934                                  1.000 0.000
GCA_900771775_SRS820607_32                                1.000 0.000
GCA_900772315_SRS820622_21                                1.000 0.000
GCA_002103105_ASM210310v1                                 1.000 0.000
GCA_002102735_ASM210273v1                                 1.000 0.000
GCA_002102805_ASM210280v1                                 1.000 0.000
GCA_002102795_ASM210279v1                                 1.000 0.000
GCA_002102825_ASM210282v1                                 1.000 0.000
GCA_900770525_SRS476326_8                                 1.000 0.000
GCA_900767775_SRS476014_4                                 1.000 0.000
GCA_900754375_ERS396486_5                                 1.000 0.000
GCA_003150395_ASM315039v1                                 1.000 0.000
GCA_900752845_ERS396310_11                                1.000 0.000
GCA_001899365_ASM189936v1                                 1.000 0.000
GCA_002633155_ASM263315v1                                 1.000 0.000
GCA_001917115_ASM191711v1                                 1.000 0.000
GCA_900548405_UMGS1078                                    1.000 0.000
GCA_002102645_ASM210264v1                                 1.000 0.000
GCA_001899425_ASM189942v1                                 1.000 0.000
GCA_910588555_MGBC145961                                  1.000 0.000
GCA_900761225_SRS050299_2                                 0.000 1.000
GCA_900769645_SRS476271_96                                1.000 0.000
GCA_900767135_SRS475682_56                                1.000 0.000
GCA_900769355_SRS476195_7                                 1.000 0.000
GCA_900769685_SRS476278_40                                1.000 0.000
GCA_001765415_ASM176541v1                                 1.000 0.000
GCA_900548375_UMGS1079                                    1.000 0.000
GCA_002103055_ASM210305v1                                 1.000 0.000
GCA_949127895_PMM_0042                                    0.000 1.000
GCA_949127685_PMM_0068                                    0.000 1.000
GCA_031398925_ASM3139892v1                                1.000 0.000
GCA_018389385_ASM1838938v1                                0.000 1.000
GCA_013285555_ASM1328555v1                                0.000 1.000
GCA_013285545_ASM1328554v1                                0.000 1.000
GCA_014380935_ASM1438093v1                                0.000 1.000
Gloeobacterales_Larsen_GCA_011331945_ASM1133194v1_genomic 0.000 1.000
GCA_014379585_ASM1437958v1                                0.000 1.000
GCA_031399965_ASM3139996v1                                0.000 1.000
GCA_000484535_ASM48453v1                                  1.000 0.000
GCA_021018745_ASM2101874v1                                1.000 0.000
GCA_000011385_ASM1138v1                                   1.000 0.000
GCA_012031565_ASM1203156v1                                1.000 0.000
GCA_022848905_ASM2284890v1                                1.000 0.000
GCA_021533835_ASM2153383v1                                1.000 0.000
GCA_000013205_ASM1320v1                                   1.000 0.000
GCA_000013225_ASM1322v1                                   1.000 0.000
GCA_015295985_ASM1529598v1                                1.000 0.000
GCA_025062155_ASM2506215v1                                1.000 0.000
GCA_025056115_ASM2505611v1                                1.000 0.000
GCA_001870225_ASM187022v1                                 1.000 0.000
GCA_927797885_Thermomargarita_ahousahtiae_VI4D9           1.000 0.000
GCA_022984075_ASM2298407v1                                1.000 0.000
GCA_003456125_ASM345612v1                                 1.000 0.000
GCA_012031195_ASM1203119v1                                1.000 0.000
GCA_002861535_ASM286153v1                                 1.000 0.000
GCA_025055675_ASM2505567v1                                1.000 0.000
GCA_000332175_ASM33217v1                                  0.000 1.000
GCA_012031145_ASM1203114v1                                1.000 0.000
GCA_002291895_ASM229189v1                                 0.000 1.000
GCA_014696345_ASM1469634v1                                0.000 1.000
GCA_003249015_ASM324901v1                                 0.000 1.000
GCA_001873375_ASM187337v1                                 0.000 1.000
GCA_002325645_ASM232564v1                                 0.000 1.000
GCA_003967015_ASM396701v1                                 1.000 0.000
GCA_020404105_ASM2040410v1                                0.000 1.000
GCA_012863495_ASM1286349v1                                0.000 1.000
GCA_000332215_ASM33221v1                                  1.000 0.000
GCA_903819605_freshwater_MAG_3_5_bin_680                  0.000 1.000
GCA_003242085_ASM324208v1                                 1.000 0.000
GCA_014696925_ASM1469692v1                                0.000 1.000
GCA_002251945_ASM225194v1                                 0.000 1.000
GCA_003249035_ASM324903v1                                 0.000 1.000
GCA_016584665_ASM1658466v1                                0.000 1.000
GCA_002914585_ASM291458v1                                 0.000 1.000
GCA_006937785_ASM693778v1                                 0.000 1.000
GCA_023336205_ASM2333620v1                                0.000 1.000
GCA_020404895_ASM2040489v1                                0.000 1.000
