                                                              0     1
214                                                       0.881 0.119
215                                                       0.887 0.113
216                                                       0.894 0.106
217                                                       0.887 0.113
218                                                       0.889 0.111
219                                                       0.894 0.106
220                                                       0.912 0.088
221                                                       0.902 0.098
222                                                       0.913 0.087
223                                                       0.878 0.122
224                                                       0.884 0.116
225                                                       0.895 0.105
226                                                       0.950 0.050
227                                                       0.901 0.099
228                                                       0.887 0.113
229                                                       0.902 0.098
230                                                       0.900 0.100
231                                                       0.923 0.077
232                                                       0.898 0.102
233                                                       0.898 0.102
234                                                       0.903 0.097
235                                                       0.891 0.109
236                                                       0.892 0.108
237                                                       0.888 0.112
238                                                       1.000 0.000
239                                                       0.895 0.105
240                                                       0.905 0.095
241                                                       0.894 0.106
242                                                       0.906 0.094
243                                                       0.913 0.087
244                                                       0.829 0.171
245                                                       0.578 0.422
246                                                       0.951 0.049
247                                                       0.936 0.064
248                                                       0.980 0.020
249                                                       0.886 0.114
250                                                       0.889 0.111
251                                                       0.880 0.120
252                                                       0.770 0.230
253                                                       0.754 0.246
254                                                       0.388 0.612
255                                                       0.000 1.000
256                                                       0.000 1.000
257                                                       1.000 0.000
258                                                       1.000 0.000
259                                                       1.000 0.000
260                                                       0.000 1.000
261                                                       0.000 1.000
262                                                       0.000 1.000
263                                                       0.000 1.000
264                                                       0.000 1.000
265                                                       0.000 1.000
266                                                       0.000 1.000
267                                                       0.000 1.000
268                                                       0.898 0.102
269                                                       0.907 0.093
270                                                       0.902 0.098
271                                                       0.891 0.109
272                                                       1.000 0.000
273                                                       1.000 0.000
274                                                       1.000 0.000
275                                                       0.893 0.107
276                                                       0.886 0.114
277                                                       0.977 0.023
278                                                       0.998 0.002
279                                                       0.894 0.106
280                                                       0.894 0.106
281                                                       0.894 0.106
282                                                       0.900 0.100
283                                                       0.899 0.101
284                                                       0.909 0.091
285                                                       0.895 0.105
286                                                       0.921 0.079
287                                                       0.920 0.080
288                                                       0.953 0.047
289                                                       0.945 0.055
290                                                       0.953 0.047
291                                                       0.895 0.105
292                                                       0.942 0.058
293                                                       0.959 0.041
294                                                       0.960 0.040
295                                                       0.965 0.035
296                                                       0.979 0.021
297                                                       0.983 0.017
298                                                       0.976 0.024
299                                                       0.994 0.006
300                                                       0.978 0.022
301                                                       0.890 0.110
302                                                       0.891 0.109
303                                                       0.985 0.015
304                                                       0.908 0.092
305                                                       0.919 0.081
306                                                       0.995 0.005
307                                                       0.904 0.096
308                                                       0.919 0.081
309                                                       0.913 0.087
310                                                       0.920 0.080
311                                                       0.946 0.054
312                                                       0.933 0.067
313                                                       0.938 0.062
314                                                       0.906 0.094
315                                                       1.000 0.000
316                                                       0.904 0.096
317                                                       0.942 0.058
318                                                       0.954 0.046
319                                                       0.958 0.042
320                                                       0.993 0.007
321                                                       1.000 0.000
322                                                       1.000 0.000
323                                                       0.895 0.105
324                                                       0.891 0.109
325                                                       0.863 0.137
326                                                       0.479 0.521
327                                                       0.918 0.082
328                                                       0.838 0.162
329                                                       0.879 0.121
330                                                       0.950 0.050
331                                                       0.956 0.044
332                                                       0.921 0.079
333                                                       0.929 0.071
334                                                       0.806 0.194
335                                                       0.000 1.000
336                                                       0.000 1.000
337                                                       0.000 1.000
338                                                       0.000 1.000
339                                                       0.000 1.000
340                                                       0.000 1.000
341                                                       0.000 1.000
342                                                       0.000 1.000
343                                                       0.000 1.000
344                                                       0.000 1.000
345                                                       0.000 1.000
346                                                       0.000 1.000
347                                                       0.000 1.000
348                                                       0.000 1.000
349                                                       0.897 0.103
350                                                       0.901 0.099
351                                                       0.844 0.156
352                                                       0.900 0.100
353                                                       0.908 0.092
354                                                       0.758 0.242
355                                                       0.999 0.001
356                                                       0.000 1.000
357                                                       0.000 1.000
358                                                       0.000 1.000
359                                                       0.890 0.110
360                                                       0.896 0.104
361                                                       0.893 0.107
362                                                       0.993 0.007
363                                                       0.911 0.089
364                                                       0.992 0.008
365                                                       0.999 0.001
366                                                       1.000 0.000
367                                                       1.000 0.000
368                                                       1.000 0.000
369                                                       1.000 0.000
370                                                       0.887 0.113
371                                                       0.834 0.166
372                                                       0.480 0.520
373                                                       0.987 0.013
374                                                       0.999 0.001
375                                                       0.106 0.894
376                                                       0.000 1.000
377                                                       0.000 1.000
378                                                       0.899 0.101
379                                                       0.895 0.105
380                                                       0.998 0.002
381                                                       0.893 0.107
382                                                       0.889 0.111
383                                                       0.900 0.100
384                                                       1.000 0.000
385                                                       0.903 0.097
386                                                       0.898 0.102
387                                                       0.909 0.091
388                                                       0.903 0.097
389                                                       0.892 0.108
390                                                       0.994 0.006
391                                                       0.899 0.101
392                                                       0.891 0.109
393                                                       0.947 0.053
394                                                       0.968 0.032
395                                                       0.958 0.042
396                                                       0.988 0.012
397                                                       0.896 0.104
398                                                       0.933 0.067
399                                                       0.973 0.027
400                                                       0.941 0.059
401                                                       0.987 0.013
402                                                       0.884 0.116
403                                                       0.956 0.044
404                                                       0.896 0.104
405                                                       0.914 0.086
406                                                       0.903 0.097
407                                                       0.904 0.096
408                                                       0.939 0.061
409                                                       0.943 0.057
410                                                       0.964 0.036
411                                                       0.993 0.007
412                                                       0.964 0.036
413                                                       0.987 0.013
414                                                       0.998 0.002
415                                                       0.998 0.002
416                                                       0.953 0.047
417                                                       0.930 0.070
418                                                       0.972 0.028
419                                                       0.840 0.160
420                                                       0.692 0.308
421                                                       0.864 0.136
422                                                       0.845 0.155
423                                                       0.755 0.245
424                                                       0.011 0.989
425                                                       0.000 1.000
GCA_014377495_ASM1437749v1                                1.000 0.000
GCA_014377055_ASM1437705v1                                1.000 0.000
GCA_002482705_ASM248270v1                                 0.000 1.000
GCA_913773825_maxbin_SP350_1_003_cleaned                  1.000 0.000
GCA_002783405_ASM278340v1                                 1.000 0.000
GCA_018780035_ASM1878003v1                                1.000 0.000
GCA_003503675_ASM350367v1                                 1.000 0.000
GCA_017744355_ASM1774435v1                                1.000 0.000
GCA_002083825_ASM208382v1                                 0.000 1.000
GCA_016867265_JGI_2017_08_21                              1.000 0.000
GCA_016867235_JGI_2017_08_21                              1.000 0.000
GCA_021790035_ASM2179003v1                                1.000 0.000
GCA_021781555_ASM2178155v1                                1.000 0.000
GCA_001899385_ASM189938v1                                 1.000 0.000
GCA_005110395_ASM511039v1                                 1.000 0.000
GCA_018695135_ASM1869513v1                                1.000 0.000
GCA_005110385_ASM511038v1                                 1.000 0.000
GCA_013216135_ASM1321613v1                                1.000 0.000
GCA_016178265_ASM1617826v1                                1.000 0.000
GCA_016193285_ASM1619328v1                                1.000 0.000
GCA_001786505_ASM178650v1                                 1.000 0.000
GCA_001784585_ASM178458v1                                 1.000 0.000
GCA_001784555_ASM178455v1                                 1.000 0.000
GCA_004769085_ASM476908v1                                 1.000 0.000
GCA_016201905_ASM1620190v1                                1.000 0.000
GCA_013288645_ASM1328864v1                                1.000 0.000
GCA_014380105_ASM1438010v1                                1.000 0.000
GCA_012965515_ASM1296551v1                                0.000 1.000
GCA_003242885_ASM324288v1                                 1.000 0.000
GCA_016191155_ASM1619115v1                                1.000 0.000
GCA_003963305_ASM396330v1                                 1.000 0.000
GCA_003151275_20120700_P3D                                1.000 0.000
GCA_003153555_20120700_P3D                                1.000 0.000
GCA_016699165_ASM1669916v1                                1.000 0.000
GCA_016716405_ASM1671640v1                                1.000 0.000
GCA_017307165_ASM1730716v1                                0.000 1.000
GCA_016212515_ASM1621251v1                                1.000 0.000
GCA_016712465_ASM1671246v1                                0.000 1.000
GCA_016719695_ASM1671969v1                                0.000 1.000
GCA_016788365_ASM1678836v1                                0.000 1.000
GCA_017303615_ASM1730361v1                                1.000 0.000
GCA_001899315_ASM189931v1                                 1.000 0.000
GCA_004769095_ASM476909v1                                 1.000 0.000
GCA_004769115_ASM476911v1                                 1.000 0.000
GCA_017998685_ASM1799868v1                                0.000 1.000
GCA_017989675_ASM1798967v1                                0.000 1.000
GCA_017987375_ASM1798737v1                                0.000 1.000
GCA_016720765_ASM1672076v1                                0.000 1.000
GCA_016706695_ASM1670669v1                                0.000 1.000
GCA_016721225_ASM1672122v1                                0.000 1.000
GCA_016714375_ASM1671437v1                                0.000 1.000
GCA_016718315_ASM1671831v1                                0.000 1.000
GCA_016716945_ASM1671694v1                                0.000 1.000
GCA_016712355_ASM1671235v1                                1.000 0.000
GCA_003149375_ASM314937v1                                 1.000 0.000
GCA_902168245_MAG_Melainabacteria_sp_nbed3b74             1.000 0.000
GCA_903835245_freshwater_MAG_Umea_bin_03849               1.000 0.000
GCA_903839075_freshwater_MAG_Umea1p3_bin_338              1.000 0.000
GCA_903826385_freshwater_MAG_Umea1p2_bin_0125             1.000 0.000
GCA_903866275_freshwater_MAG_Umea1_bin_2013               1.000 0.000
GCA_001786525_ASM178652v1                                 1.000 0.000
GCA_001784615_ASM178461v1                                 1.000 0.000
GCA_001786555_ASM178655v1                                 1.000 0.000
GCA_001784535_ASM178453v1                                 1.000 0.000
GCA_001784565_ASM178456v1                                 1.000 0.000
GCA_012515355_ASM1251535v1                                0.000 1.000
GCA_017888365_ASM1788836v1                                0.000 1.000
GCA_016288515_ASM1628851v1                                1.000 0.000
GCA_017475485_ASM1747548v1                                1.000 0.000
GCA_910577635_MGBC104987                                  1.000 0.000
GCA_017402995_ASM1740299v1                                1.000 0.000
GCA_017520125_ASM1752012v1                                1.000 0.000
GCA_017560095_ASM1756009v1                                1.000 0.000
GCA_017452865_ASM1745286v1                                1.000 0.000
GCA_017415185_ASM1741518v1                                1.000 0.000
GCA_905234865_RUG30176                                    1.000 0.000
GCA_910583725_MGBC122484                                  1.000 0.000
GCA_910577395_MGBC104891                                  1.000 0.000
GCA_910587815_MGBC162268                                  1.000 0.000
GCA_910587175_MGBC161128                                  1.000 0.000
GCA_910578465_MGBC110388                                  1.000 0.000
GCA_910587375_MGBC159243                                  1.000 0.000
GCA_910587245_MGBC159851                                  1.000 0.000
GCA_910587055_MGBC157385                                  1.000 0.000
GCA_910577515_MGBC104636                                  1.000 0.000
GCA_910586855_MGBC142924                                  1.000 0.000
GCA_900761525_SRS077392_71                                1.000 0.000
GCA_900753705_ERS396380_6                                 1.000 0.000
GCA_002103135_ASM210313v1                                 1.000 0.000
GCA_900755835_ERS473266_20                                1.000 0.000
GCA_900755955_ERS473294_87                                1.000 0.000
GCA_900753735_ERS396384_76                                1.000 0.000
GCA_900772035_SRS820614_61                                1.000 0.000
GCA_905236155_RUG30322                                    1.000 0.000
GCA_905235825_RUG30286                                    1.000 0.000
GCA_905234915_RUG30175                                    1.000 0.000
GCA_016282705_ASM1628270v1                                1.000 0.000
GCA_910583875_MGBC124931                                  1.000 0.000
GCA_017467305_ASM1746730v1                                1.000 0.000
GCA_003258795_ASM325879v1                                 1.000 0.000
GCA_900768495_SRS476144_104                               1.000 0.000
GCA_905235155_RUG30213                                    1.000 0.000
GCA_905236205_RUG30328                                    1.000 0.000
GCA_900772105_SRS820617_72                                1.000 0.000
GCA_900767725_SRS476014_35                                1.000 0.000
GCA_003258725_ASM325872v1                                 1.000 0.000
GCA_003258785_ASM325878v1                                 1.000 0.000
GCA_900769015_SRS476188_88                                1.000 0.000
GCA_900766355_SRS475537_58                                1.000 0.000
GCA_900766705_SRS475613_36                                0.000 1.000
GCA_002103075_ASM210307v1                                 1.000 0.000
GCA_900768915_SRS476173_30                                1.000 0.000
GCA_016287985_ASM1628798v1                                1.000 0.000
GCA_905236055_RUG30317                                    1.000 0.000
GCA_016283185_ASM1628318v1                                1.000 0.000
GCA_905236505_RUG30356                                    1.000 0.000
GCA_016280955_ASM1628095v1                                1.000 0.000
GCA_905236775_RUG30312                                    1.000 0.000
GCA_910579975_MGBC118087                                  1.000 0.000
GCA_002102715_ASM210271v1                                 0.000 1.000
GCA_002102975_ASM210297v1                                 0.000 1.000
GCA_002102745_ASM210274v1                                 0.000 1.000
GCA_002102875_ASM210287v1                                 0.000 1.000
GCA_002102885_ASM210288v1                                 0.000 1.000
GCA_002102905_ASM210290v1                                 0.000 1.000
GCA_002102895_ASM210289v1                                 0.000 1.000
GCA_002102955_ASM210295v1                                 0.000 1.000
GCA_002102725_ASM210272v1                                 0.000 1.000
GCA_002102995_ASM210299v1                                 0.000 1.000
GCA_900552525_UMGS1517                                    0.000 1.000
GCA_002103085_ASM210308v1                                 0.000 1.000
GCA_002102985_ASM210298v1                                 0.000 1.000
GCA_002103035_ASM210303v1                                 0.000 1.000
GCA_002102815_ASM210281v1                                 0.000 1.000
GCA_001899335_ASM189933v1                                 1.000 0.000
GCA_003258735_ASM325873v1                                 1.000 0.000
GCA_910584405_MGBC124934                                  1.000 0.000
GCA_900771775_SRS820607_32                                1.000 0.000
GCA_900772315_SRS820622_21                                1.000 0.000
GCA_002103105_ASM210310v1                                 1.000 0.000
GCA_002102735_ASM210273v1                                 0.000 1.000
GCA_002102805_ASM210280v1                                 0.000 1.000
GCA_002102795_ASM210279v1                                 0.000 1.000
GCA_002102825_ASM210282v1                                 0.000 1.000
GCA_900770525_SRS476326_8                                 1.000 0.000
GCA_900767775_SRS476014_4                                 1.000 0.000
GCA_900754375_ERS396486_5                                 1.000 0.000
GCA_003150395_ASM315039v1                                 1.000 0.000
GCA_900752845_ERS396310_11                                1.000 0.000
GCA_001899365_ASM189936v1                                 1.000 0.000
GCA_002633155_ASM263315v1                                 1.000 0.000
GCA_001917115_ASM191711v1                                 1.000 0.000
GCA_900548405_UMGS1078                                    1.000 0.000
GCA_002102645_ASM210264v1                                 1.000 0.000
GCA_001899425_ASM189942v1                                 1.000 0.000
GCA_910588555_MGBC145961                                  1.000 0.000
GCA_900761225_SRS050299_2                                 1.000 0.000
GCA_900769645_SRS476271_96                                1.000 0.000
GCA_900767135_SRS475682_56                                1.000 0.000
GCA_900769355_SRS476195_7                                 1.000 0.000
GCA_900769685_SRS476278_40                                0.000 1.000
GCA_001765415_ASM176541v1                                 0.000 1.000
GCA_900548375_UMGS1079                                    0.000 1.000
GCA_002103055_ASM210305v1                                 0.000 1.000
GCA_949127895_PMM_0042                                    1.000 0.000
GCA_949127685_PMM_0068                                    1.000 0.000
GCA_031398925_ASM3139892v1                                1.000 0.000
GCA_018389385_ASM1838938v1                                1.000 0.000
GCA_013285555_ASM1328555v1                                1.000 0.000
GCA_013285545_ASM1328554v1                                1.000 0.000
GCA_014380935_ASM1438093v1                                1.000 0.000
Gloeobacterales_Larsen_GCA_011331945_ASM1133194v1_genomic 1.000 0.000
GCA_014379585_ASM1437958v1                                1.000 0.000
GCA_031399965_ASM3139996v1                                1.000 0.000
GCA_000484535_ASM48453v1                                  0.000 1.000
GCA_021018745_ASM2101874v1                                1.000 0.000
GCA_000011385_ASM1138v1                                   1.000 0.000
GCA_012031565_ASM1203156v1                                1.000 0.000
GCA_022848905_ASM2284890v1                                1.000 0.000
GCA_021533835_ASM2153383v1                                1.000 0.000
GCA_000013205_ASM1320v1                                   1.000 0.000
GCA_000013225_ASM1322v1                                   1.000 0.000
GCA_015295985_ASM1529598v1                                1.000 0.000
GCA_025062155_ASM2506215v1                                1.000 0.000
GCA_025056115_ASM2505611v1                                1.000 0.000
GCA_001870225_ASM187022v1                                 1.000 0.000
GCA_927797885_Thermomargarita_ahousahtiae_VI4D9           1.000 0.000
GCA_022984075_ASM2298407v1                                1.000 0.000
GCA_003456125_ASM345612v1                                 1.000 0.000
GCA_012031195_ASM1203119v1                                1.000 0.000
GCA_002861535_ASM286153v1                                 1.000 0.000
GCA_025055675_ASM2505567v1                                1.000 0.000
GCA_000332175_ASM33217v1                                  1.000 0.000
GCA_012031145_ASM1203114v1                                1.000 0.000
GCA_002291895_ASM229189v1                                 1.000 0.000
GCA_014696345_ASM1469634v1                                1.000 0.000
GCA_003249015_ASM324901v1                                 1.000 0.000
GCA_001873375_ASM187337v1                                 1.000 0.000
GCA_002325645_ASM232564v1                                 1.000 0.000
GCA_003967015_ASM396701v1                                 1.000 0.000
GCA_020404105_ASM2040410v1                                1.000 0.000
GCA_012863495_ASM1286349v1                                1.000 0.000
GCA_000332215_ASM33221v1                                  1.000 0.000
GCA_903819605_freshwater_MAG_3_5_bin_680                  1.000 0.000
GCA_003242085_ASM324208v1                                 1.000 0.000
GCA_014696925_ASM1469692v1                                0.000 1.000
GCA_002251945_ASM225194v1                                 1.000 0.000
GCA_003249035_ASM324903v1                                 1.000 0.000
GCA_016584665_ASM1658466v1                                1.000 0.000
GCA_002914585_ASM291458v1                                 1.000 0.000
GCA_006937785_ASM693778v1                                 0.000 1.000
GCA_023336205_ASM2333620v1                                0.000 1.000
GCA_020404895_ASM2040489v1                                0.000 1.000
